450
1 67108866
1 65538
1 2305843009213693954
1 14074849230193664
1 1369178468080173111
1 3536471962237120
1 3224896229154784008
3 14074849230193664 14074849230193664
3 3536471962237120 3536471962237120
3 2305843009213693954 3536471962237120
3 14074849230193664 3224896229154784008
3 14074849230193664 1369178468080173111
3 14074849230193664 3536471962237120
3 3224896229154784008 3224896229154784008
3 1369178468080173111 1369178468080173111
3 1369178468080173111 3536471962237120
3 1369178468080173111 3224896229154784008
3 3224896229154784008 3224896229154784008
3 3536471962237120 3224896229154784008
2 65538
2 67108866
2 3536471962237120
2 14074849230193664
2 1369178468080173111
2 2305843009213693954
2 3224896229154784008
1 2533274790395904
1 536870976
1 192
1 2443214067909832976
1 1158832483413854208
1 40716307005517
1 577164440729437184
1 432434310067258018
3 2443214067909832976 2443214067909832976
3 1158832483413854208 577164440729437184
3 1158832483413854208 432434310067258018
3 2443214067909832976 1158832483413854208
3 1158832483413854208 1158832483413854208
3 40716307005517 40716307005517
3 432434310067258018 432434310067258018
3 2443214067909832976 432434310067258018
3 2443214067909832976 40716307005517
3 40716307005517 432434310067258018
3 40716307005517 577164440729437184
3 1158832483413854208 40716307005517
3 2443214067909832976 577164440729437184
3 577164440729437184 432434310067258018
3 577164440729437184 577164440729437184
2 192
2 536870976
2 40716307005517
2 2533274790395904
2 432434310067258018
2 577164440729437184
2 1158832483413854208
2 2443214067909832976
1 2594073385365405696
1 2305843009230471168
1 144115222435594240
1 939145795817644066
1 3513652693700707592
1 17678102168148
1 14718371988766848
1 144151478818101249
3 939145795817644066 144151478818101249
3 14718371988766848 14718371988766848
3 144151478818101249 144151478818101249
3 14718371988766848 144151478818101249
3 3513652693700707592 144151478818101249
3 3513652693700707592 17678102168148
3 17678102168148 17678102168148
3 3513652693700707592 3513652693700707592
3 939145795817644066 3513652693700707592
3 939145795817644066 14718371988766848
3 17678102168148 144151478818101249
3 17678102168148 14718371988766848
3 939145795817644066 17678102168148
3 939145795817644066 939145795817644066
3 3513652693700707592 14718371988766848
3 144151478818101249 17678102168148
3 3513652693700707592 939145795817644066
2 17678102168148
2 14718371988766848
2 144115222435594240
2 144151478818101249
2 939145795817644066
2 2305843009230471168
2 2594073385365405696
2 3513652693700707592
1 576460752303423496
1 1856064761148243495
1 2315387073441366168
1 440234183837778240
3 2315387073441366168 2315387073441366168
3 1856064761148243495 2315387073441366168
3 1856064761148243495 1856064761148243495
3 2315387073441366168 2315387073441366168
3 440234183837778240 440234183837778240
3 2315387073441366168 440234183837778240
3 576460752303423496 440234183837778240
3 1856064761148243495 440234183837778240
2 440234183837778240
2 576460752303423496
2 1856064761148243495
2 2315387073441366168
1 150994944
1 288230376168488960
1 134217984
1 257
1 79749099683970
1 185247179622582296
1 2594095377276732416
1 1155173444042645860
1 677090268385743361
3 185247179622582296 185247179622582296
3 677090268385743361 677090268385743361
3 185247179622582296 677090268385743361
3 185247179622582296 2594095377276732416
3 185247179622582296 1155173444042645860
3 1155173444042645860 1155173444042645860
3 2594095377276732416 1155173444042645860
3 150994944 1155173444042645860
3 1155173444042645860 677090268385743361
3 2594095377276732416 150994944
3 79749099683970 677090268385743361
3 79749099683970 2594095377276732416
3 79749099683970 79749099683970
3 2594095377276732416 677090268385743361
3 185247179622582296 677090268385743361
3 79749099683970 185247179622582296
3 2594095377276732416 2594095377276732416
3 79749099683970 1155173444042645860
2 257
2 134217984
2 150994944
2 79749099683970
2 185247179622582296
2 288230376168488960
2 677090268385743361
2 1155173444042645860
2 2594095377276732416
1 4611686018427387903
3 4611686018427387903 4611686018427387903
3 4611686018427387903 4611686018427387903
3 4611686018427387903 4611686018427387903
2 4611686018427387903
1 576460752303947776
1 578712552117108736
1 2251808403619840
1 576461851815051264
1 1181121779535189522
1 3391494537008400480
1 2401528849662212
1 75325136568456
1 36592847897567233
1 1181121779535189520
3 3391494537008400480 2401528849662212
3 2251808403619840 3391494537008400480
3 3391494537008400480 36592847897567233
3 1181121779535189522 3391494537008400480
3 1181121779535189522 2401528849662212
3 1181121779535189522 36592847897567233
3 2401528849662212 2401528849662212
3 2401528849662212 36592847897567233
3 75325136568456 36592847897567233
3 3391494537008400480 75325136568456
3 3391494537008400480 3391494537008400480
3 1181121779535189522 75325136568456
3 1181121779535189522 1181121779535189522
3 1181121779535189520 36592847897567233
3 2401528849662212 75325136568456
3 36592847897567233 36592847897567233
3 75325136568456 75325136568456
2 75325136568456
2 2251808403619840
2 2401528849662212
2 36592847897567233
2 576460752303947776
2 576461851815051264
2 578712552117108736
2 1181121779535189520
2 1181121779535189522
2 3391494537008400480
1 4672924418048
1 292057776128
1 784193829397596820
1 293116370684539914
1 2308270819741007937
1 1226104998604243232
1 784193829397596816
3 1226104998604243232 1226104998604243232
3 293116370684539914 293116370684539914
3 784193829397596820 784193829397596820
3 293116370684539914 1226104998604243232
3 784193829397596820 2308270819741007937
3 1226104998604243232 4672924418048
3 293116370684539914 2308270819741007937
3 2308270819741007937 1226104998604243232
3 2308270819741007937 2308270819741007937
3 784193829397596820 1226104998604243232
3 293116370684539914 2308270819741007937
3 784193829397596820 293116370684539914
2 292057776128
2 4672924418048
2 293116370684539914
2 784193829397596816
2 784193829397596820
2 1226104998604243232
2 2308270819741007937
1 274878169088
1 17592186306560
1 26388279066624
1 3171238792304082952
1 236440105752236705
1 37530834256921602
1 1166476286114146644
3 3171238792304082952 37530834256921602
3 3171238792304082952 3171238792304082952
3 236440105752236705 236440105752236705
3 3171238792304082952 1166476286114146644
3 17592186306560 37530834256921602
3 37530834256921602 37530834256921602
3 236440105752236705 1166476286114146644
3 1166476286114146644 17592186306560
3 3171238792304082952 236440105752236705
3 1166476286114146644 274878169088
3 37530834256921602 1166476286114146644
3 236440105752236705 37530834256921602
3 1166476286114146644 1166476286114146644
2 274878169088
2 17592186306560
2 26388279066624
2 37530834256921602
2 236440105752236705
2 1166476286114146644
2 3171238792304082952
1 34078720
1 33555456
1 1532031369709424876
1 592505461743478803
1 2487149186974484224
3 1532031369709424876 2487149186974484224
3 1532031369709424876 1532031369709424876
3 592505461743478803 2487149186974484224
3 34078720 33555456
3 2487149186974484224 2487149186974484224
3 1532031369709424876 592505461743478803
3 592505461743478803 592505461743478803
2 33555456
2 34078720
2 592505461743478803
2 1532031369709424876
2 2487149186974484224
1 288230384741646336
1 288231475663339520
1 149754045922281284
1 964621346820954273
1 3497310625684152346
1 149754045922281280
3 149754045922281284 3497310625684152346
3 964621346820954273 964621346820954273
3 288230384741646336 964621346820954273
3 3497310625684152346 3497310625684152346
3 964621346820954273 3497310625684152346
3 149754045922281284 149754045922281284
3 288230384741646336 964621346820954273
3 3497310625684152346 288231475663339520
3 149754045922281284 964621346820954273
2 149754045922281280
2 149754045922281284
2 288230384741646336
2 288231475663339520
2 964621346820954273
2 3497310625684152346
1 4503599627894784
1 837392643157121373
1 3774293375270266530
1 837392643157121372
3 837392643157121373 3774293375270266530
3 837392643157121373 837392643157121373
3 837392643157121372 837392643157121373
3 3774293375270266530 837392643157121372
3 4503599627894784 837392643157121373
3 3774293375270266530 3774293375270266530
2 4503599627894784
2 837392643157121372
2 837392643157121373
2 3774293375270266530
1 2251800350556160
1 2533274790395904
1 281474976714752
1 4198400
1 148623194877493312
1 83327593591341058
1 3460191218659500173
1 576707317794412304
1 342836693504641056
3 83327593591341058 576707317794412304
3 342836693504641056 342836693504641056
3 576707317794412304 342836693504641056
3 576707317794412304 2533274790395904
3 83327593591341058 83327593591341058
3 148623194877493312 83327593591341058
3 3460191218659500173 342836693504641056
3 148623194877493312 576707317794412304
3 576707317794412304 576707317794412304
3 83327593591341058 3460191218659500173
3 148623194877493312 3460191218659500173
3 148623194877493312 342836693504641056
3 83327593591341058 342836693504641056
3 148623194877493312 148623194877493312
3 3460191218659500173 3460191218659500173
3 3460191218659500173 576707317794412304
2 4198400
2 281474976714752
2 2251800350556160
2 2533274790395904
2 83327593591341058
2 148623194877493312
2 342836693504641056
2 576707317794412304
2 3460191218659500173
1 1064960
1 3777589782698132207
1 834096235729255696
1 3777589782698132206
3 3777589782698132207 3777589782698132207
3 834096235729255696 834096235729255696
3 3777589782698132207 834096235729255696
2 1064960
2 834096235729255696
2 3777589782698132206
2 3777589782698132207
1 16908288
1 8606711808
1 1514488344479844356
1 3065390145806738232
1 31807528140805315
1 1514488344479844352
3 31807528140805315 31807528140805315
3 31807528140805315 16908288
3 1514488344479844356 31807528140805315
3 3065390145806738232 3065390145806738232
3 3065390145806738232 31807528140805315
3 1514488344479844356 3065390145806738232
3 1514488344479844356 1514488344479844356
2 16908288
2 8606711808
2 31807528140805315
2 1514488344479844352
2 1514488344479844356
2 3065390145806738232
1 4611686018427387903
1 4611686018427387902
3 4611686018427387903 4611686018427387903
3 4611686018427387902 4611686018427387903
2 4611686018427387902
2 4611686018427387903
1 34359738376
1 34359738880
1 853222432440666
1 1333294916304190464
1 365917821919609508
1 2911620057771147265
1 853222432440664
3 853222432440666 34359738376
3 853222432440666 365917821919609508
3 853222432440666 1333294916304190464
3 365917821919609508 2911620057771147265
3 2911620057771147265 2911620057771147265
3 853222432440666 853222432440666
3 365917821919609508 365917821919609508
3 1333294916304190464 365917821919609508
3 1333294916304190464 2911620057771147265
3 1333294916304190464 1333294916304190464
3 853222432440666 2911620057771147265
2 34359738376
2 34359738880
2 853222432440664
2 853222432440666
2 365917821919609508
2 1333294916304190464
2 2911620057771147265
1 1090519040
1 281474976710664
1 288230376151711752
1 144115552355550274
1 1801462945004388865
1 2343560656093978680
1 527911610749188
1 322018953362720896
1 144115552355550272
3 144115552355550274 322018953362720896
3 1801462945004388865 2343560656093978680
3 144115552355550274 527911610749188
3 1801462945004388865 322018953362720896
3 527911610749188 322018953362720896
3 2343560656093978680 322018953362720896
3 2343560656093978680 2343560656093978680
3 144115552355550274 144115552355550274
3 144115552355550272 1090519040
3 1801462945004388865 1801462945004388865
3 322018953362720896 322018953362720896
3 144115552355550274 2343560656093978680
3 144115552355550272 144115552355550272
3 1801462945004388865 322018953362720896
3 1801462945004388865 527911610749188
3 144115552355550274 1801462945004388865
3 2343560656093978680 527911610749188
3 527911610749188 527911610749188
2 1090519040
2 281474976710664
2 527911610749188
2 144115552355550272
2 144115552355550274
2 288230376151711752
2 322018953362720896
2 1801462945004388865
2 2343560656093978680
1 9895604649984
1 3079275548869669320
1 1532410469557718583
1 3079275548869669312
3 1532410469557718583 1532410469557718583
3 9895604649984 3079275548869669312
3 3079275548869669320 1532410469557718583
3 3079275548869669320 3079275548869669320
2 9895604649984
2 1532410469557718583
2 3079275548869669312
2 3079275548869669320
1 17179869216
1 274877906976
1 1155319563092099734
1 2329498702052394337
1 189450527669764096
1 937417225613129736
1 1155319563092099732
3 189450527669764096 937417225613129736
3 189450527669764096 1155319563092099732
3 1155319563092099734 189450527669764096
3 189450527669764096 189450527669764096
3 937417225613129736 937417225613129736
3 2329498702052394337 189450527669764096
3 1155319563092099734 2329498702052394337
3 2329498702052394337 937417225613129736
3 1155319563092099734 1155319563092099734
3 1155319563092099734 937417225613129736
3 2329498702052394337 2329498702052394337
