55
1 7481
3 7481 7481
3 7481 7481
1 22861
1 19171
2 19171
3 22861 22861
1 2553
3 7481 2553
3 2553 2553
3 7481 2553
1 8604
3 22861 7481
2 7481
2 22861
3 8604 8604
2 8604
3 2553 2553
2 2553
1 533
1 25240
2 533
3 25240 25240
3 25240 25240
3 25240 25240
3 25240 25240
3 25240 25240
1 27839
1 17986
1 15914
3 27839 15914
3 17986 15914
3 27839 27839
1 17595
1 1089
1 30689
3 17986 30689
2 17986
2 1089
1 31338
3 15914 17595
3 17595 15914
3 17595 31338
3 30689 25240
1 7008
3 17595 15914
1 27357
2 30689
3 7008 15914
1 19552
3 7008 25240
1 1081
2 27357
2 7008
3 27839 31338

