50 69
9758 9967 -1 -1 -1 9999 9503 -1 9951 -1 -1 7576 8896 9998 -1 9932 1599 -1 9836 -1 6312 -1 -1 -1 -1 -1 -1 -1 10000 9996 -1 -1 9836 6045 10000 -1 -1 1033 9812 -1 10000 9988 -1 9999 -1 -1 -1 9113 8597 2746
31 12
35 12
10 31
11 31
18 31
30 31
31 39
37 31
2 31
10 39
30 18
14 18
5 18
39 30
37 30
28 30
30 2
30 34
14 39
28 46
9 35
19 35
9 22
22 49
22 1
22 25
27 22
27 25
27 33
19 40
19 2
19 34
2 40
34 2
34 5
43 5
26 5
5 23
16 5
5 48
8 5
5 4
29 43
23 8
16 45
3 16
50 45
50 42
21 50
3 48
38 8
20 38
38 44
7 38
17 38
20 44
7 20
20 32
4 20
7 36
7 32
7 17
41 7
4 15
24 4
4 47
47 24
6 24
6 13
