2 3 5 4 0 1 
6 7 11 9 10 8 
17 14 13 15 12 16 
23 22 18 19 20 21 
29 27 28 24 25 26 
30 33 32 31 34 35 
39 36 40 37 38 41 
44 43 46 45 42 47 
52 51 50 53 48 49 
56 55 58 54 59 57 
61 63 65 60 64 62 
68 67 71 69 70 66 
73 76 74 75 72 77 
79 80 83 78 82 81 
88 89 85 87 84 86 
96 94 95 91 92 90 
97 98 101 100 99 102 
103 104 105 106 107 108 
114 110 109 111 112 113 
118 119 115 120 117 116 
124 122 125 123 126 121 
127 128 129 130 131 132 
138 137 135 136 134 133 
140 141 144 142 143 139 
147 146 148 150 145 149 
154 152 155 151 153 156 
160 161 159 157 158 162 
166 168 165 164 167 163 
173 174 170 172 169 171 
176 178 177 179 175 180 
181 182 186 183 185 184 
187 188 189 190 191 192 
193 197 195 198 196 194 
203 199 201 204 200 202 
210 206 209 205 207 208 
215 212 213 214 211 216 
218 222 217 221 219 220 
225 223 227 224 228 226 
229 234 231 232 230 233 
235 236 238 237 239 240 
241 246 243 244 242 247
