537
1 3065
1 15765
3 15765 15765
3 15765 3065
2 3065
3 15765 15765
3 15765 15765
3 15765 15765
2 15765
1 24844
1 26430
1 5288
3 24844 26430
3 26430 5288
1 19153
2 24844
2 5288
2 26430
1 7346
3 19153 7346
1 8468
3 8468 8468
2 7346
2 19153
1 9008
1 14603
2 8468
1 21897
2 9008
1 1070
1 31492
1 21973
2 31492
1 23901
3 21897 1070
3 23901 21897
1 7454
3 1070 21897
2 21973
2 23901
1 27644
1 14661
3 27644 14661
2 21897
3 1070 14661
2 7454
3 1070 27644
2 14603
2 27644
2 14661
2 1070
1 23395
3 23395 23395
1 7088
2 7088
3 23395 23395
2 23395
1 28776
1 11839
2 11839
3 28776 28776
2 28776
1 9543
3 9543 9543
2 9543
1 31478
2 31478
1 19759
2 19759
1 20335
2 20335
1 20094
3 20094 20094
2 20094
1 23552
2 23552
1 30439
3 30439 30439
2 30439
1 19254
3 19254 19254
1 2338
1 30224
2 19254
3 30224 2338
2 30224
3 2338 2338
2 2338
1 29653
1 20946
3 20946 20946
1 9804
2 20946
1 25960
3 25960 9804
3 9804 9804
2 25960
3 29653 29653
2 29653
1 18449
1 3283
1 24363
2 9804
1 23292
2 24363
3 23292 18449
2 3283
3 23292 18449
3 23292 23292
2 18449
1 9853
3 23292 23292
2 9853
2 23292
1 21042
3 21042 21042
2 21042
1 19837
3 19837 19837
1 2991
1 7983
3 19837 7983
1 2426
3 2991 2426
2 2426
2 2991
1 20444
1 17471
1 23952
2 20444
2 19837
1 1587
2 1587
2 23952
1 12933
3 7983 17471
3 7983 7983
2 12933
1 5683
3 5683 5683
3 7983 17471
3 7983 7983
2 5683
2 7983
2 17471
1 31003
3 31003 31003
2 31003
1 25722
2 25722
1 32003
2 32003
1 140
2 140
1 9504
3 9504 9504
2 9504
1 13577
3 13577 13577
2 13577
1 4764
2 4764
1 12797
3 12797 12797
1 12879
2 12879
1 20498
1 12040
3 20498 12040
2 20498
1 6705
3 12797 12797
1 11296
1 61
3 61 61
2 6705
2 12040
2 12797
1 26993
2 26993
3 11296 61
3 11296 11296
3 61 11296
3 61 61
2 11296
3 61 61
3 61 61
1 16214
2 16214
2 61
1 11571
2 11571
1 20471
1 7401
1 26705
3 20471 7401
2 26705
3 20471 7401
1 9876
2 20471
1 26868
2 26868
1 10811
3 9876 7401
2 9876
2 7401
1 19751
1 20101
2 19751
3 10811 10811
2 10811
1 23253
1 12103
1 9006
3 20101 23253
1 13615
3 23253 9006
2 13615
2 20101
2 12103
1 32194
1 350
2 32194
2 9006
1 26148
3 23253 23253
2 350
3 23253 26148
2 26148
3 23253 23253
3 23253 23253
2 23253
1 20295
3 20295 20295
3 20295 20295
3 20295 20295
3 20295 20295
2 20295
1 32039
2 32039
1 10543
2 10543
1 30678
1 8276
3 8276 8276
2 30678
1 16761
3 8276 16761
3 16761 16761
2 8276
1 12369
2 16761
3 12369 12369
3 12369 12369
2 12369
1 3543
3 3543 3543
2 3543
1 427
2 427
1 12376
1 19694
2 12376
1 13263
1 1703
2 13263
1 23308
2 23308
1 26468
1 322
1 14872
2 1703
3 26468 26468
1 12345
2 26468
3 322 19694
1 32485
2 14872
3 32485 322
3 19694 322
1 2339
2 12345
1 12949
2 322
1 15792
1 5617
3 12949 12949
2 12949
1 11900
3 32485 5617
3 19694 2339
2 5617
3 19694 11900
1 25523
2 15792
3 19694 19694
3 2339 11900
1 6603
3 6603 25523
1 18194
3 2339 32485
2 19694
2 11900
2 32485
1 25392
1 19387
1 28701
1 12689
3 18194 6603
3 28701 19387
3 28701 12689
1 6230
3 12689 6230
3 25392 2339
3 18194 25392
3 19387 25392
2 25523
2 25392
2 6603
2 18194
3 2339 28701
1 19942
2 19942
1 756
3 12689 2339
2 6230
3 12689 28701
3 19387 28701
1 10057
2 19387
3 28701 10057
2 756
2 28701
1 8895
2 10057
1 4059
2 8895
1 15369
3 2339 15369
1 20434
1 30618
2 12689
2 4059
2 15369
2 30618
2 2339
3 20434 20434
3 20434 20434
1 15503
3 15503 15503
3 15503 15503
2 20434
1 30578
3 30578 30578
2 15503
3 30578 30578
1 3550
2 3550
2 30578
1 9054
3 9054 9054
2 9054
1 4691
3 4691 4691
3 4691 4691
2 4691
1 4425
1 23090
1 11005
1 29234
1 25155
3 23090 23090
3 23090 11005
1 6376
1 3869
1 32298
2 32298
1 15756
1 9682
1 8483
3 23090 8483
2 15756
3 6376 3869
3 23090 29234
3 3869 25155
3 6376 11005
2 8483
3 25155 11005
3 3869 3869
2 4425
2 3869
3 9682 25155
1 23193
2 6376
3 25155 11005
2 11005
1 14318
3 23193 25155
2 9682
3 23193 23090
1 5916
3 14318 29234
3 23193 23090
2 25155
2 5916
1 31846
3 23090 14318
2 23193
2 23090
3 14318 29234
3 31846 29234
3 31846 31846
2 29234
2 14318
2 31846
1 16803
2 16803
1 24372
3 24372 24372
3 24372 24372
1 2218
1 27627
3 24372 2218
2 27627
2 24372
2 2218
1 736
3 736 736
3 736 736
3 736 736
3 736 736
2 736
1 10322
3 10322 10322
2 10322
1 8373
2 8373
1 28784
1 9979
2 28784
1 3612
2 9979
3 3612 3612
3 3612 3612
1 6696
2 6696
2 3612
1 13698
1 7688
2 7688
3 13698 13698
1 31076
3 31076 13698
2 31076
3 13698 13698
2 13698
1 16768
3 16768 16768
3 16768 16768
3 16768 16768
1 17244
3 16768 16768
2 17244
2 16768
1 27642
3 27642 27642
2 27642
1 13695
2 13695
1 17418
2 17418
1 12623
1 16225
3 12623 12623
1 26918
3 12623 16225
3 16225 12623
3 26918 26918
2 16225
3 12623 26918
2 26918
1 14529
2 14529
3 12623 12623
3 12623 12623
2 12623
1 5464
3 5464 5464
2 5464
1 15314
3 15314 15314
3 15314 15314
2 15314
1 11178
3 11178 11178
2 11178
1 3344
2 3344
1 29721
1 14831
3 29721 14831
2 14831
2 29721
1 18287
1 15796
3 18287 18287
1 25821
2 15796
2 25821
1 14634
3 14634 14634
2 14634
2 18287
1 727
2 727
1 12977
3 12977 12977
3 12977 12977
1 9178
1 14232
2 9178
2 12977
1 32076
3 32076 14232
2 14232
3 32076 32076
2 32076
1 14849
3 14849 14849
1 20786
1 20473
3 20786 14849
3 20473 20473
2 14849
3 20473 20786
1 24518
3 20786 20786
