165
1 812
1 24742
2 24742
2 812
1 25396
3 25396 25396
1 13301
3 25396 25396
1 20045
3 13301 25396
3 25396 13301
2 25396
1 13422
3 13422 13301
2 13301
2 20045
1 20027
1 6040
1 7561
2 7561
1 2850
1 17471
2 20027
3 17471 13422
1 11075
2 2850
3 6040 6040
2 6040
2 13422
3 17471 17471
2 11075
2 17471
1 16036
1 20896
2 20896
1 14790
1 7116
2 7116
2 16036
2 14790
1 13813
3 13813 13813
3 13813 13813
1 7645
1 14401
3 14401 14401
3 13813 13813
2 14401
3 13813 7645
1 15075
2 13813
3 15075 7645
2 15075
2 7645
1 23322
1 29483
1 6731
2 23322
1 22710
2 22710
3 29483 29483
1 19077
3 6731 6731
2 6731
3 29483 29483
3 29483 29483
3 29483 19077
3 19077 19077
3 19077 29483
3 19077 19077
1 10940
3 10940 29483
3 29483 19077
1 22358
1 13559
1 14246
1 6797
3 19077 19077
3 22358 19077
3 10940 19077
1 13561
3 22358 13559
3 29483 29483
1 16429
2 14246
3 13559 13559
1 14352
3 29483 13559
2 13561
2 6797
1 26002
2 19077
3 13559 22358
3 14352 16429
2 16429
3 26002 22358
1 15724
3 29483 22358
1 28422
2 14352
1 6611
1 5831
1 30096
2 6611
2 28422
2 5831
2 10940
1 17354
1 14978
2 22358
1 2564
1 26738
2 30096
2 14978
2 17354
2 2564
2 26002
3 13559 26738
3 15724 26738
2 26738
2 13559
3 15724 29483
2 29483
3 15724 15724
1 17273
2 15724
2 17273
1 6791
1 25166
3 25166 25166
2 25166
2 6791
1 32126
3 32126 32126
1 14135
3 32126 32126
3 14135 14135
1 4378
1 22381
1 31294
2 31294
2 14135
1 26306
2 22381
1 24078
1 18189
2 4378
1 25199
3 18189 25199
1 19606
1 31033
1 20534
3 25199 20534
1 29065
3 20534 25199
3 31033 20534
1 12331
2 19606
3 24078 29065
2 32126
3 29065 24078
1 21367
3 24078 21367
3 31033 25199
1 751
