100
3 75 959451640
75 26 197783066
3 59 582476284
3 40 676316468
3 23 828852185
59 6 372844855
40 17 840305154
40 57 920109948
75 37 906564954
3 21 563878433
6 68 828298181
3 14 981258175
26 55 981415235
68 81 804609324
23 18 949375921
55 49 131310275
23 44 344506752
40 29 564596166
6 76 578769643
37 27 396026889
59 22 254019126
26 85 1497710
55 34 539211228
3 83 863034836
22 39 428239964
57 12 647689297
12 53 269941403
49 56 181181238
39 63 852266680
6 66 119977497
76 42 39622503
23 30 583897563
81 38 964492773
75 28 545244940
63 54 54301441
40 47 658680492
14 71 226915349
12 87 486413718
6 2 604656743
29 11 517416025
34 70 619735330
38 20 17408872
39 8 948434575
71 80 607849264
70 95 885744491
59 52 152663383
8 15 556030166
75 88 157842504
53 74 114479278
83 35 330201431
76 62 889476221
30 79 542571437
54 61 736191192
39 16 180443190
66 45 928526158
70 48 944687513
42 89 276136138
71 31 419946030
54 36 212011285
80 72 814279902
54 67 460192961
16 25 257466146
75 41 342898978
59 4 669196646
62 64 925354568
22 19 363104637
85 43 96731945
55 46 147969078
88 73 839625437
75 65 209131428
30 24 409426108
66 92 11591488
63 7 169833456
36 96 477264305
7 33 7076444
62 58 105560585
45 50 800360734
53 100 441227209
21 60 703606588
96 86 999442487
34 84 711031484
26 69 791850122
48 9 254645697
18 93 771165947
33 90 646878104
64 78 87653335
25 51 230587196
49 91 402944309
35 98 655283278
16 77 938863474
77 5 164934168
72 10 136834375
48 97 867785797
8 32 408780859
24 82 512513294
16 13 466974689
77 1 292111513
39 94 508922761
20 99 855532910
100
1 83 31
0 88 73 428852848
1 23 24
1 46 19
1 3 4
0 6 76 880093728
0 23 44 285441537
1 76 48
0 53 100 838291806
0 3 23 712478165
1 10 85
1 27 1
1 60 24
1 64 96
1 40 84
1 26 30
1 98 30
1 86 17
1 94 12
0 26 85 748126698
1 76 27
1 91 82
1 8 100
1 24 53
1 41 3
1 5 8
0 16 77 617251436
0 18 93 719925247
1 39 5
1 20 36
0 75 26 173346967
1 47 70
0 26 85 219594499
0 77 5 56322071
1 44 40
0 42 89 480344535
0 39 16 111135808
1 54 7
0 3 23 877436478
1 80 94
0 34 70 224902167
1 96 3
0 24 82 537746478
1 54 68
1 21 18
0 59 4 276490691
1 73 2
0 30 24 520040356
1 18 91
1 96 77
0 16 13 15940989
1 79 39
1 21 42
0 6 76 892610204
1 100 69
0 83 35 741281757
0 76 62 540998619
0 24 82 554365728
0 22 39 353097
0 30 24 29283562
0 34 84 477492419
1 12 41
1 42 21
0 55 34 523483062
0 59 52 310170111
1 53 64
1 26 95
0 48 9 351007615
0 26 55 872209201
1 55 94
0 66 45 831775374
1 7 17
0 71 31 477240365
0 85 43 326113954
1 72 64
0 40 47 858225350
1 67 71
1 67 86
1 68 62
0 96 86 599976256
1 6 31
0 63 54 789200340
1 18 51
1 20 86
1 92 8
0 53 100 956086283
0 3 40 676940542
1 75 55
1 2 42
0 3 23 683954176
0 23 44 571820241
1 53 26
1 75 60
1 47 7
1 55 98
1 27 90
1 27 63
1 42 58
0 64 78 548231373
0 23 30 518156454
