class 1
1

class 1
1 2 
2 1 

class 1
1 2 3 
3 2 1 
class 2
1 3 2 
3 1 2 
class 3
2 1 3 
2 3 1 

class 1
1 2 3 4 
4 3 2 1 
class 2
1 2 4 3 
4 3 1 2 
class 3
2 1 3 4 
3 4 2 1 
class 4
2 1 4 3 
3 4 1 2 
class 5
1 3 2 4 
4 2 3 1 
class 6
1 3 4 2 
4 2 1 3 
class 7
1 4 3 2 
4 1 2 3 
class 8
2 3 4 1 
3 2 1 4 
class 9
2 4 3 1 
3 1 2 4 
class 10
1 4 2 3 
4 1 3 2 
class 11
2 3 1 4 
3 2 4 1 
class 12
2 4 1 3 
3 1 4 2 

class 1
1 2 3 4 5 
5 4 3 2 1 
class 2
1 2 3 5 4 
5 4 3 1 2 
class 3
2 1 3 4 5 
4 5 3 2 1 
class 4
2 1 3 5 4 
4 5 3 1 2 
class 5
1 2 4 3 5 
5 4 2 3 1 
class 6
1 2 4 5 3 
5 4 2 1 3 
class 7
1 2 5 4 3 
5 4 1 2 3 
class 8
1 3 2 4 5 
5 3 4 2 1 
class 9
3 2 1 4 5 
3 4 5 2 1 
class 10
3 1 2 4 5 
3 5 4 2 1 
class 11
1 2 5 3 4 
5 4 1 3 2 
class 12
1 3 2 5 4 
5 3 4 1 2 
class 13
3 2 1 5 4 
3 4 5 1 2 
class 14
3 1 2 5 4 
3 5 4 1 2 
class 15
2 1 4 3 5 
4 5 2 3 1 
class 16
2 1 4 5 3 
4 5 2 1 3 
class 17
2 1 5 4 3 
4 5 1 2 3 
class 18
1 3 4 5 2 
5 3 2 1 4 
class 19
2 3 1 4 5 
4 3 5 2 1 
class 20
1 4 5 3 2 
5 2 1 3 4 
class 21
1 5 4 3 2 
5 1 2 3 4 
class 22
1 3 5 4 2 
5 3 1 2 4 
class 23
2 3 4 5 1 
4 3 2 1 5 
class 24
2 4 5 3 1 
4 2 1 3 5 
class 25
2 5 4 3 1 
4 1 2 3 5 
class 26
2 3 5 4 1 
4 3 1 2 5 
class 27
2 1 5 3 4 
4 5 1 3 2 
class 28
1 3 4 2 5 
5 3 2 4 1 
class 29
2 3 1 5 4 
4 3 5 1 2 
class 30
1 4 5 2 3 
5 2 1 4 3 
class 31
1 5 4 2 3 
5 1 2 4 3 
class 32
1 4 3 2 5 
5 2 3 4 1 
class 33
1 4 2 3 5 
5 2 4 3 1 
class 34
3 2 4 5 1 
3 4 2 1 5 
class 35
3 2 5 4 1 
3 4 1 2 5 
class 36
1 3 5 2 4 
5 3 1 4 2 
class 37
2 3 4 1 5 
4 3 2 5 1 
class 38
2 4 5 1 3 
4 2 1 5 3 
class 39
2 5 4 1 3 
4 1 2 5 3 
class 40
1 4 3 5 2 
5 2 3 1 4 
class 41
1 5 3 4 2 
5 1 3 2 4 
class 42
2 4 3 5 1 
4 2 3 1 5 
class 43
1 5 3 2 4 
5 1 3 4 2 
class 44
2 4 3 1 5 
4 2 3 5 1 
class 45
2 5 3 4 1 
4 1 3 2 5 
class 46
1 5 2 3 4 
5 1 4 3 2 
class 47
3 1 4 5 2 
3 5 2 1 4 
class 48
2 4 1 3 5 
4 2 5 3 1 
class 49
3 1 5 4 2 
3 5 1 2 4 
class 50
2 3 5 1 4 
4 3 1 5 2 
class 51
3 2 4 1 5 
3 4 2 5 1 
class 52
1 4 2 5 3 
5 2 4 1 3 
class 53
3 1 4 2 5 
3 5 2 4 1 
class 54
1 5 2 4 3 
5 1 4 2 3 
class 55
2 5 3 1 4 
4 1 3 5 2 
class 56
2 5 1 3 4 
4 1 5 3 2 
class 57
3 2 5 1 4 
3 4 1 5 2 
class 58
3 1 5 2 4 
3 5 1 4 2 
class 59
2 4 1 5 3 
4 2 5 1 3 
class 60
2 5 1 4 3 
4 1 5 2 3 

class 1
1 2 3 4 5 6 
6 5 4 3 2 1 
class 2
1 2 3 4 6 5 
6 5 4 3 1 2 
class 3
2 1 3 4 5 6 
5 6 4 3 2 1 
class 4
2 1 3 4 6 5 
5 6 4 3 1 2 
class 5
1 2 3 5 4 6 
6 5 4 2 3 1 
class 6
1 2 3 5 6 4 
6 5 4 2 1 3 
class 7
1 2 3 6 5 4 
6 5 4 1 2 3 
class 8
1 2 4 3 5 6 
6 5 3 4 2 1 
class 9
1 3 2 4 5 6 
6 4 5 3 2 1 
class 10
3 2 1 4 5 6 
4 5 6 3 2 1 
class 11
3 1 2 4 5 6 
4 6 5 3 2 1 
class 12
1 2 3 6 4 5 
6 5 4 1 3 2 
class 13
1 2 4 3 6 5 
6 5 3 4 1 2 
class 14
1 3 2 4 6 5 
6 4 5 3 1 2 
class 15
3 2 1 4 6 5 
4 5 6 3 1 2 
class 16
3 1 2 4 6 5 
4 6 5 3 1 2 
class 17
2 1 3 5 4 6 
5 6 4 2 3 1 
class 18
2 1 3 5 6 4 
5 6 4 2 1 3 
class 19
2 1 3 6 5 4 
5 6 4 1 2 3 
class 20
1 2 4 5 6 3 
6 5 3 2 1 4 
class 21
2 1 4 3 5 6 
5 6 3 4 2 1 
class 22
1 2 5 6 4 3 
6 5 2 1 3 4 
class 23
1 2 6 5 4 3 
6 5 1 2 3 4 
class 24
2 3 1 4 5 6 
5 4 6 3 2 1 
class 25
3 5 6 4 2 1 
4 2 1 3 5 6 
class 26
3 6 5 4 2 1 
4 1 2 3 5 6 
class 27
3 4 5 6 2 1 
4 3 2 1 5 6 
class 28
3 4 6 5 2 1 
4 3 1 2 5 6 
class 29
1 2 4 6 5 3 
6 5 3 1 2 4 
class 30
2 1 3 6 4 5 
5 6 4 1 3 2 
class 31
1 2 4 5 3 6 
6 5 3 2 4 1 
class 32
2 1 4 3 6 5 
5 6 3 4 1 2 
class 33
1 2 5 6 3 4 
6 5 2 1 4 3 
class 34
1 2 6 5 3 4 
6 5 1 2 4 3 
class 35
2 3 1 4 6 5 
5 4 6 3 1 2 
class 36
3 5 6 4 1 2 
4 2 1 3 6 5 
class 37
3 6 5 4 1 2 
4 1 2 3 6 5 
class 38
3 4 5 6 1 2 
4 3 2 1 6 5 
class 39
3 4 6 5 1 2 
4 3 1 2 6 5 
class 40
1 3 2 5 4 6 
6 4 5 2 3 1 
class 41
3 2 1 5 4 6 
4 5 6 2 3 1 
class 42
3 1 2 5 4 6 
4 6 5 2 3 1 
class 43
1 3 2 5 6 4 
6 4 5 2 1 3 
class 44
3 2 1 5 6 4 
4 5 6 2 1 3 
class 45
3 1 2 5 6 4 
4 6 5 2 1 3 
class 46
1 3 2 6 5 4 
6 4 5 1 2 3 
class 47
3 2 1 6 5 4 
4 5 6 1 2 3 
class 48
3 1 2 6 5 4 
4 6 5 1 2 3 
class 49
1 2 5 4 3 6 
6 5 2 3 4 1 
class 50
2 1 4 5 6 3 
5 6 3 2 1 4 
class 51
1 3 4 2 5 6 
6 4 3 5 2 1 
class 52
2 1 5 6 4 3 
5 6 2 1 3 4 
class 53
2 1 6 5 4 3 
5 6 1 2 3 4 
class 54
1 5 6 4 3 2 
6 2 1 3 4 5 
class 55
1 6 5 4 3 2 
6 1 2 3 4 5 
class 56
1 4 3 2 5 6 
6 3 4 5 2 1 
class 57
1 4 5 6 3 2 
6 3 2 1 4 5 
class 58
1 4 2 3 5 6 
6 3 5 4 2 1 
class 59
1 4 6 5 3 2 
6 3 1 2 4 5 
class 60
3 4 2 1 5 6 
4 3 5 6 2 1 
class 61
3 4 1 2 5 6 
4 3 6 5 2 1 
class 62
1 2 5 3 4 6 
6 5 2 4 3 1 
class 63
2 1 4 6 5 3 
5 6 3 1 2 4 
class 64
1 3 4 5 6 2 
6 4 3 2 1 5 
class 65
1 3 5 6 4 2 
6 4 2 1 3 5 
class 66
1 3 6 5 4 2 
6 4 1 2 3 5 
class 67
2 5 6 4 3 1 
5 2 1 3 4 6 
class 68
2 6 5 4 3 1 
5 1 2 3 4 6 
class 69
2 4 5 6 3 1 
5 3 2 1 4 6 
class 70
2 4 6 5 3 1 
5 3 1 2 4 6 
class 71
1 3 4 6 5 2 
6 4 3 1 2 5 
class 72
2 3 4 5 6 1 
5 4 3 2 1 6 
class 73
2 3 5 6 4 1 
5 4 2 1 3 6 
class 74
2 3 6 5 4 1 
5 4 1 2 3 6 
class 75
2 3 4 6 5 1 
5 4 3 1 2 6 
class 76
1 2 4 6 3 5 
6 5 3 1 4 2 
class 77
1 3 2 6 4 5 
6 4 5 1 3 2 
class 78
3 2 1 6 4 5 
4 5 6 1 3 2 
class 79
3 1 2 6 4 5 
4 6 5 1 3 2 
class 80
1 2 5 4 6 3 
6 5 2 3 1 4 
class 81
2 1 4 5 3 6 
5 6 3 2 4 1 
class 82
1 3 4 2 6 5 
6 4 3 5 1 2 
class 83
2 1 5 6 3 4 
5 6 2 1 4 3 
class 84
2 1 6 5 3 4 
5 6 1 2 4 3 
class 85
1 5 6 4 2 3 
6 2 1 3 5 4 
class 86
1 6 5 4 2 3 
6 1 2 3 5 4 
class 87
1 4 3 2 6 5 
6 3 4 5 1 2 
class 88
1 4 5 6 2 3 
6 3 2 1 5 4 
class 89
1 4 2 3 6 5 
6 3 5 4 1 2 
class 90
1 4 6 5 2 3 
6 3 1 2 5 4 
class 91
3 4 2 1 6 5 
4 3 5 6 1 2 
class 92
3 4 1 2 6 5 
4 3 6 5 1 2 
class 93
1 2 6 4 5 3 
6 5 1 3 2 4 
class 94
2 3 1 5 4 6 
5 4 6 2 3 1 
class 95
1 2 6 4 3 5 
6 5 1 3 4 2 
class 96
2 3 1 5 6 4 
5 4 6 2 1 3 
class 97
1 2 6 3 4 5 
6 5 1 4 3 2 
class 98
2 3 1 6 5 4 
5 4 6 1 2 3 
class 99
2 1 5 4 3 6 
5 6 2 3 4 1 
class 100
2 3 4 1 5 6 
5 4 3 6 2 1 
class 101
3 5 4 6 2 1 
4 2 3 1 5 6 
class 102
2 4 3 1 5 6 
5 3 4 6 2 1 
class 103
3 6 4 5 2 1 
4 1 3 2 5 6 
class 104
2 4 1 3 5 6 
5 3 6 4 2 1 
class 105
2 1 5 3 4 6 
5 6 2 4 3 1 
class 106
3 2 4 5 6 1 
4 5 3 2 1 6 
class 107
3 2 5 6 4 1 
4 5 2 1 3 6 
class 108
3 2 6 5 4 1 
4 5 1 2 3 6 
class 109
3 2 4 6 5 1 
4 5 3 1 2 6 
class 110
1 2 5 3 6 4 
6 5 2 4 1 3 
class 111
2 1 4 6 3 5 
5 6 3 1 4 2 
class 112
1 3 4 5 2 6 
6 4 3 2 5 1 
class 113
1 3 5 6 2 4 
6 4 2 1 5 3 
class 114
1 3 6 5 2 4 
6 4 1 2 5 3 
class 115
2 5 6 4 1 3 
5 2 1 3 6 4 
class 116
2 6 5 4 1 3 
5 1 2 3 6 4 
class 117
2 4 5 6 1 3 
5 3 2 1 6 4 
class 118
2 4 6 5 1 3 
5 3 1 2 6 4 
class 119
1 2 6 3 5 4 
6 5 1 4 2 3 
class 120
2 3 1 6 4 5 
5 4 6 1 3 2 
class 121
2 1 5 4 6 3 
5 6 2 3 1 4 
class 122
2 3 4 1 6 5 
5 4 3 6 1 2 
class 123
3 5 4 6 1 2 
4 2 3 1 6 5 
class 124
2 4 3 1 6 5 
5 3 4 6 1 2 
class 125
3 6 4 5 1 2 
4 1 3 2 6 5 
class 126
2 4 1 3 6 5 
5 3 6 4 1 2 
class 127
2 1 6 4 5 3 
5 6 1 3 2 4 
class 128
1 5 6 3 4 2 
6 2 1 4 3 5 
class 129
1 6 5 3 4 2 
6 1 2 4 3 5 
class 130
1 3 5 4 6 2 
6 4 2 3 1 5 
class 131
2 1 6 4 3 5 
5 6 1 3 4 2 
class 132
1 5 6 3 2 4 
6 2 1 4 5 3 
class 133
1 6 5 3 2 4 
6 1 2 4 5 3 
class 134
1 3 5 4 2 6 
6 4 2 3 5 1 
class 135
1 3 6 4 5 2 
6 4 1 3 2 5 
class 136
2 5 6 3 4 1 
5 2 1 4 3 6 
class 137
2 6 5 3 4 1 
5 1 2 4 3 6 
class 138
2 3 5 4 6 1 
5 4 2 3 1 6 
class 139
2 1 6 3 4 5 
5 6 1 4 3 2 
class 140
1 5 6 2 3 4 
6 2 1 5 4 3 
class 141
1 6 5 2 3 4 
6 1 2 5 4 3 
class 142
3 5 6 2 1 4 
4 2 1 5 6 3 
class 143
3 6 5 2 1 4 
4 1 2 5 6 3 
class 144
3 2 4 1 5 6 
4 5 3 6 2 1 
class 145
3 1 4 2 5 6 
4 6 3 5 2 1 
class 146
1 5 4 6 3 2 
6 2 3 1 4 5 
class 147
1 6 4 5 3 2 
6 1 3 2 4 5 
class 148
2 3 6 4 5 1 
5 4 1 3 2 6 
class 149
1 3 5 2 4 6 
6 4 2 5 3 1 
class 150
3 5 6 1 2 4 
4 2 1 6 5 3 
class 151
3 6 5 1 2 4 
4 1 2 6 5 3 
class 152
1 4 3 5 6 2 
6 3 4 2 1 5 
class 153
1 4 5 3 2 6 
6 3 2 4 5 1 
class 154
3 1 4 5 6 2 
4 6 3 2 1 5 
class 155
1 5 4 3 2 6 
6 2 3 4 5 1 
class 156
2 5 4 6 3 1 
5 2 3 1 4 6 
class 157
2 6 4 5 3 1 
5 1 3 2 4 6 
class 158
3 1 5 6 4 2 
4 6 2 1 3 5 
class 159
1 5 3 2 4 6 
6 2 4 5 3 1 
class 160
3 1 6 5 4 2 
4 6 1 2 3 5 
class 161
1 5 2 3 4 6 
6 2 5 4 3 1 
class 162
3 5 2 1 4 6 
4 2 5 6 3 1 
class 163
3 5 1 2 4 6 
4 2 6 5 3 1 
class 164
1 4 3 6 5 2 
6 3 4 1 2 5 
class 165
1 4 5 2 3 6 
6 3 2 5 4 1 
class 166
3 1 4 6 5 2 
4 6 3 1 2 5 
class 167
1 5 4 2 3 6 
6 2 3 5 4 1 
class 168
3 4 5 2 1 6 
4 3 2 5 6 1 
class 169
2 4 3 5 6 1 
5 3 4 2 1 6 
class 170
3 5 4 2 1 6 
4 2 3 5 6 1 
class 171
3 4 5 1 2 6 
4 3 2 6 5 1 
class 172
2 4 3 6 5 1 
5 3 4 1 2 6 
class 173
3 5 4 1 2 6 
4 2 3 6 5 1 
class 174
1 3 4 6 2 5 
6 4 3 1 5 2 
class 175
2 3 4 5 1 6 
5 4 3 2 6 1 
class 176
2 3 5 6 1 4 
5 4 2 1 6 3 
class 177
2 3 6 5 1 4 
5 4 1 2 6 3 
class 178
2 1 5 3 6 4 
5 6 2 4 1 3 
class 179
3 5 6 2 4 1 
4 2 1 5 3 6 
class 180
3 6 5 2 4 1 
4 1 2 5 3 6 
class 181
2 1 6 3 5 4 
5 6 1 4 2 3 
class 182
1 5 6 2 4 3 
6 2 1 5 3 4 
class 183
1 6 5 2 4 3 
6 1 2 5 3 4 
class 184
1 3 6 4 2 5 
6 4 1 3 5 2 
class 185
2 5 6 3 1 4 
5 2 1 4 6 3 
class 186
2 6 5 3 1 4 
5 1 2 4 6 3 
class 187
2 3 5 4 1 6 
5 4 2 3 6 1 
class 188
3 2 4 1 6 5 
4 5 3 6 1 2 
class 189
3 1 4 2 6 5 
4 6 3 5 1 2 
class 190
1 5 4 6 2 3 
6 2 3 1 5 4 
class 191
1 6 4 5 2 3 
6 1 3 2 5 4 
class 192
3 2 5 4 6 1 
4 5 2 3 1 6 
class 193
1 3 6 2 4 5 
6 4 1 5 3 2 
class 194
2 5 6 1 3 4 
5 2 1 6 4 3 
class 195
2 6 5 1 3 4 
5 1 2 6 4 3 
class 196
1 4 2 5 6 3 
6 3 5 2 1 4 
class 197
1 4 6 3 2 5 
6 3 1 4 5 2 
class 198
1 6 4 3 2 5 
6 1 3 4 5 2 
class 199
2 4 5 3 1 6 
5 3 2 4 6 1 
class 200
2 5 4 3 1 6 
5 2 3 4 6 1 
class 201
1 6 3 2 4 5 
6 1 4 5 3 2 
class 202
1 6 2 3 4 5 
6 1 5 4 3 2 
class 203
3 6 2 1 4 5 
4 1 5 6 3 2 
class 204
3 6 1 2 4 5 
4 1 6 5 3 2 
class 205
3 2 6 4 5 1 
4 5 1 3 2 6 
class 206
2 3 5 1 4 6 
5 4 2 6 3 1 
class 207
1 4 2 6 5 3 
6 3 5 1 2 4 
class 208
1 4 6 2 3 5 
6 3 1 5 4 2 
class 209
1 6 4 2 3 5 
6 1 3 5 4 2 
class 210
3 4 6 2 1 5 
4 3 1 5 6 2 
class 211
3 6 4 2 1 5 
4 1 3 5 6 2 
class 212
2 5 3 1 4 6 
5 2 4 6 3 1 
class 213
2 5 1 3 4 6 
5 2 6 4 3 1 
class 214
2 4 5 1 3 6 
5 3 2 6 4 1 
class 215
2 5 4 1 3 6 
5 2 3 6 4 1 
class 216
3 4 6 1 2 5 
4 3 1 6 5 2 
class 217
3 6 4 1 2 5 
4 1 3 6 5 2 
class 218
3 4 2 5 6 1 
4 3 5 2 1 6 
class 219
3 4 2 6 5 1 
4 3 5 1 2 6 
class 220
2 3 4 6 1 5 
5 4 3 1 6 2 
class 221
3 2 4 5 1 6 
4 5 3 2 6 1 
class 222
3 2 5 6 1 4 
4 5 2 1 6 3 
class 223
3 2 6 5 1 4 
4 5 1 2 6 3 
class 224
3 5 6 1 4 2 
4 2 1 6 3 5 
class 225
3 6 5 1 4 2 
4 1 2 6 3 5 
class 226
1 4 3 5 2 6 
6 3 4 2 5 1 
class 227
1 4 5 3 6 2 
6 3 2 4 1 5 
class 228
1 3 5 2 6 4 
6 4 2 5 1 3 
class 229
3 1 4 5 2 6 
4 6 3 2 5 1 
class 230
1 5 4 3 6 2 
6 2 3 4 1 5 
class 231
2 3 6 4 1 5 
5 4 1 3 6 2 
class 232
2 5 4 6 1 3 
5 2 3 1 6 4 
class 233
2 6 4 5 1 3 
5 1 3 2 6 4 
class 234
3 1 5 6 2 4 
4 6 2 1 5 3 
class 235
1 5 3 2 6 4 
6 2 4 5 1 3 
class 236
3 1 6 5 2 4 
4 6 1 2 5 3 
class 237
1 5 2 3 6 4 
6 2 5 4 1 3 
class 238
3 5 2 1 6 4 
4 2 5 6 1 3 
class 239
3 5 1 2 6 4 
4 2 6 5 1 3 
class 240
1 4 2 5 3 6 
6 3 5 2 4 1 
class 241
1 4 6 3 5 2 
6 3 1 4 2 5 
class 242
2 4 5 3 6 1 
5 3 2 4 1 6 
class 243
1 3 6 2 5 4 
6 4 1 5 2 3 
class 244
2 5 6 1 4 3 
5 2 1 6 3 4 
class 245
2 6 5 1 4 3 
5 1 2 6 3 4 
class 246
1 6 4 3 5 2 
6 1 3 4 2 5 
class 247
2 5 4 3 6 1 
5 2 3 4 1 6 
class 248
3 2 5 4 1 6 
4 5 2 3 6 1 
class 249
1 6 3 2 5 4 
6 1 4 5 2 3 
class 250
1 6 2 3 5 4 
6 1 5 4 2 3 
class 251
3 6 2 1 5 4 
4 1 5 6 2 3 
class 252
3 6 1 2 5 4 
4 1 6 5 2 3 
class 253
2 4 6 3 5 1 
5 3 1 4 2 6 
class 254
3 1 5 4 6 2 
4 6 2 3 1 5 
class 255
1 5 3 4 2 6 
6 2 4 3 5 1 
class 256
2 6 4 3 5 1 
5 1 3 4 2 6 
class 257
2 4 6 3 1 5 
5 3 1 4 6 2 
class 258
3 1 5 4 2 6 
4 6 2 3 5 1 
class 259
1 5 3 4 6 2 
6 2 4 3 1 5 
class 260
2 6 4 3 1 5 
5 1 3 4 6 2 
class 261
3 1 6 4 5 2 
4 6 1 3 2 5 
class 262
1 5 2 4 3 6 
6 2 5 3 4 1 
class 263
2 3 6 1 4 5 
5 4 1 6 3 2 
class 264
2 4 1 5 6 3 
5 3 6 2 1 4 
class 265
1 6 3 4 5 2 
6 1 4 3 2 5 
class 266
2 5 3 4 6 1 
5 2 4 3 1 6 
class 267
2 6 3 1 4 5 
5 1 4 6 3 2 
class 268
2 6 1 3 4 5 
5 1 6 4 3 2 
class 269
3 2 5 1 4 6 
4 5 2 6 3 1 
class 270
2 4 6 1 3 5 
5 3 1 6 4 2 
class 271
3 1 5 2 4 6 
4 6 2 5 3 1 
class 272
1 5 3 6 4 2 
6 2 4 1 3 5 
class 273
2 6 4 1 3 5 
5 1 3 6 4 2 
class 274
2 4 1 6 5 3 
5 3 6 1 2 4 
class 275
1 6 3 5 4 2 
6 1 4 2 3 5 
class 276
3 4 1 5 6 2 
4 3 6 2 1 5 
class 277
2 6 3 4 5 1 
5 1 4 3 2 6 
class 278
2 5 3 6 4 1 
5 2 4 1 3 6 
class 279
3 4 1 6 5 2 
4 3 6 1 2 5 
class 280
2 6 3 5 4 1 
5 1 4 2 3 6 
class 281
3 2 4 6 1 5 
4 5 3 1 6 2 
class 282
3 4 5 2 6 1 
4 3 2 5 1 6 
class 283
1 4 3 6 2 5 
6 3 4 1 5 2 
class 284
1 4 5 2 6 3 
6 3 2 5 1 4 
class 285
2 4 3 5 1 6 
5 3 4 2 6 1 
class 286
3 5 4 2 6 1 
4 2 3 5 1 6 
class 287
3 1 4 6 2 5 
4 6 3 1 5 2 
class 288
1 5 4 2 6 3 
6 2 3 5 1 4 
class 289
3 4 6 2 5 1 
4 3 1 5 2 6 
class 290
1 4 2 6 3 5 
6 3 5 1 4 2 
class 291
1 4 6 2 5 3 
6 3 1 5 2 4 
class 292
3 6 4 2 5 1 
4 1 3 5 2 6 
class 293
2 3 5 1 6 4 
5 4 2 6 1 3 
class 294
1 6 4 2 5 3 
6 1 3 5 2 4 
class 295
3 2 6 4 1 5 
4 5 1 3 6 2 
class 296
2 5 3 1 6 4 
5 2 4 6 1 3 
class 297
2 5 1 3 6 4 
5 2 6 4 1 3 
class 298
2 4 1 5 3 6 
5 3 6 2 4 1 
class 299
2 3 6 1 5 4 
5 4 1 6 2 3 
class 300
1 6 3 4 2 5 
6 1 4 3 5 2 
class 301
2 5 3 4 1 6 
5 2 4 3 6 1 
class 302
3 1 6 4 2 5 
4 6 1 3 5 2 
class 303
1 5 2 4 6 3 
6 2 5 3 1 4 
class 304
2 6 3 1 5 4 
5 1 4 6 2 3 
class 305
2 6 1 3 5 4 
5 1 6 4 2 3 
class 306
1 6 2 4 3 5 
6 1 5 3 4 2 
class 307
1 6 2 4 5 3 
6 1 5 3 2 4 
class 308
2 5 1 4 3 6 
5 2 6 3 4 1 
class 309
3 2 6 1 4 5 
4 5 1 6 3 2 
class 310
3 1 6 2 4 5 
4 6 1 5 3 2 
class 311
1 5 2 6 4 3 
6 2 5 1 3 4 
class 312
1 6 2 5 4 3 
6 1 5 2 3 4 
class 313
3 5 2 4 6 1 
4 2 5 3 1 6 
class 314
3 6 2 4 5 1 
4 1 5 3 2 6 
class 315
3 5 2 6 4 1 
4 2 5 1 3 6 
class 316
3 6 2 5 4 1 
4 1 5 2 3 6 
class 317
3 4 5 1 6 2 
4 3 2 6 1 5 
class 318
2 4 3 6 1 5 
5 3 4 1 6 2 
class 319
3 5 4 1 6 2 
4 2 3 6 1 5 
class 320
3 4 6 1 5 2 
4 3 1 6 2 5 
class 321
3 4 2 5 1 6 
4 3 5 2 6 1 
class 322
2 4 5 1 6 3 
5 3 2 6 1 4 
class 323
3 6 4 1 5 2 
4 1 3 6 2 5 
class 324
2 5 4 1 6 3 
5 2 3 6 1 4 
class 325
3 4 1 5 2 6 
4 3 6 2 5 1 
class 326
2 4 6 1 5 3 
5 3 1 6 2 4 
class 327
2 4 1 6 3 5 
5 3 6 1 4 2 
class 328
3 2 5 1 6 4 
4 5 2 6 1 3 
class 329
3 1 5 2 6 4 
4 6 2 5 1 3 
class 330
1 5 3 6 2 4 
6 2 4 1 5 3 
class 331
2 6 4 1 5 3 
5 1 3 6 2 4 
class 332
1 6 3 5 2 4 
6 1 4 2 5 3 
class 333
2 6 3 4 1 5 
5 1 4 3 6 2 
class 334
3 5 2 4 1 6 
4 2 5 3 6 1 
class 335
3 2 6 1 5 4 
4 5 1 6 2 3 
class 336
3 1 6 2 5 4 
4 6 1 5 2 3 
class 337
1 5 2 6 3 4 
6 2 5 1 4 3 
class 338
1 6 2 5 3 4 
6 1 5 2 4 3 
class 339
2 5 1 4 6 3 
5 2 6 3 1 4 
class 340
3 5 1 4 2 6 
4 2 6 3 5 1 
class 341
2 6 1 4 3 5 
5 1 6 3 4 2 
class 342
2 6 1 4 5 3 
5 1 6 3 2 4 
class 343
3 5 1 4 6 2 
4 2 6 3 1 5 
class 344
2 5 1 6 4 3 
5 2 6 1 3 4 
class 345
2 6 1 5 4 3 
5 1 6 2 3 4 
class 346
3 6 1 4 5 2 
4 1 6 3 2 5 
class 347
3 5 1 6 4 2 
4 2 6 1 3 5 
class 348
3 6 1 5 4 2 
4 1 6 2 3 5 
class 349
3 4 2 6 1 5 
4 3 5 1 6 2 
class 350
3 4 1 6 2 5 
4 3 6 1 5 2 
class 351
2 5 3 6 1 4 
5 2 4 1 6 3 
class 352
2 6 3 5 1 4 
5 1 4 2 6 3 
class 353
3 6 2 4 1 5 
4 1 5 3 6 2 
class 354
3 6 1 4 2 5 
4 1 6 3 5 2 
class 355
2 5 1 6 3 4 
5 2 6 1 4 3 
class 356
2 6 1 5 3 4 
5 1 6 2 4 3 
class 357
3 5 2 6 1 4 
4 2 5 1 6 3 
class 358
3 6 2 5 1 4 
4 1 5 2 6 3 
class 359
3 5 1 6 2 4 
4 2 6 1 5 3 
class 360
3 6 1 5 2 4 
4 1 6 2 5 3 
