class 1
1 
class 1
1 2 
2 1 
class 1
1 2 3 
3 2 1 
class 2
2 1 3 
2 3 1 
class 3
1 3 2 
3 1 2 
class 1
1 2 3 4 
4 3 2 1 
class 2
2 3 4 1 
3 2 1 4 
class 3
1 2 4 3 
2 1 3 4 
3 4 2 1 
4 3 1 2 
class 4
2 3 1 4 
3 2 4 1 
class 5
2 1 4 3 
3 4 1 2 
class 6
1 3 2 4 
1 3 4 2 
2 4 3 1 
3 1 2 4 
4 2 1 3 
4 2 3 1 
class 7
2 4 1 3 
3 1 4 2 
class 8
1 4 3 2 
4 1 2 3 
class 9
1 4 2 3 
4 1 3 2 
class 1
1 2 3 4 5 
5 4 3 2 1 
class 2
2 3 4 5 1 
4 3 2 1 5 
class 3
1 2 3 5 4 
5 4 3 1 2 
class 4
3 2 1 4 5 
3 4 5 2 1 
class 5
2 3 4 1 5 
4 3 2 5 1 
class 6
3 2 1 5 4 
3 4 5 1 2 
class 7
2 1 3 4 5 
4 5 3 2 1 
class 8
1 2 4 3 5 
1 2 4 5 3 
5 4 2 1 3 
5 4 2 3 1 
class 9
2 3 5 4 1 
4 3 1 2 5 
class 10
3 2 4 5 1 
3 4 2 1 5 
class 11
2 1 3 5 4 
4 5 3 1 2 
class 12
2 3 1 4 5 
4 3 5 2 1 
class 13
3 2 4 1 5 
3 4 2 5 1 
class 14
2 3 1 5 4 
4 3 5 1 2 
class 15
2 3 5 1 4 
4 3 1 5 2 
class 16
1 2 5 4 3 
5 4 1 2 3 
class 17
2 1 4 3 5 
2 1 4 5 3 
4 5 2 1 3 
4 5 2 3 1 
class 18
3 2 5 4 1 
3 4 1 2 5 
class 19
1 2 5 3 4 
5 4 1 3 2 
class 20
3 2 5 1 4 
3 4 1 5 2 
class 21
2 1 5 4 3 
4 5 1 2 3 
class 22
2 1 5 3 4 
4 5 1 3 2 
class 23
1 3 4 5 2 
5 3 2 1 4 
class 24
1 3 2 4 5 
3 1 2 4 5 
3 5 4 2 1 
5 3 4 2 1 
class 25
2 4 5 3 1 
4 2 1 3 5 
class 26
1 3 4 2 5 
5 3 2 4 1 
class 27
2 4 3 1 5 
2 4 3 5 1 
4 2 3 1 5 
4 2 3 5 1 
class 28
1 3 2 5 4 
3 1 2 5 4 
3 5 4 1 2 
5 3 4 1 2 
class 29
2 4 5 1 3 
4 2 1 5 3 
class 30
1 3 5 4 2 
5 3 1 2 4 
class 31
1 3 5 2 4 
5 3 1 4 2 
class 32
3 1 4 5 2 
3 5 2 1 4 
class 33
2 4 1 3 5 
4 2 5 3 1 
class 34
3 1 4 2 5 
3 5 2 4 1 
class 35
2 4 1 5 3 
4 2 5 1 3 
class 36
3 1 5 4 2 
3 5 1 2 4 
class 37
3 1 5 2 4 
3 5 1 4 2 
class 38
2 5 4 3 1 
4 1 2 3 5 
class 39
1 4 3 2 5 
5 2 3 4 1 
class 40
1 4 5 3 2 
5 2 1 3 4 
class 41
1 4 3 5 2 
5 2 3 1 4 
class 42
1 4 5 2 3 
5 2 1 4 3 
class 43
2 5 4 1 3 
4 1 2 5 3 
class 44
1 4 2 3 5 
5 2 4 3 1 
class 45
2 5 3 4 1 
4 1 3 2 5 
class 46
2 5 3 1 4 
4 1 3 5 2 
class 47
1 4 2 5 3 
5 2 4 1 3 
class 48
2 5 1 3 4 
4 1 5 3 2 
class 49
2 5 1 4 3 
4 1 5 2 3 
class 50
1 5 4 3 2 
5 1 2 3 4 
class 51
1 5 4 2 3 
5 1 2 4 3 
class 52
1 5 3 2 4 
1 5 3 4 2 
5 1 3 2 4 
5 1 3 4 2 
class 53
1 5 2 3 4 
5 1 4 3 2 
class 54
1 5 2 4 3 
5 1 4 2 3 
class 1
1 2 3 4 5 6 
6 5 4 3 2 1 
class 2
2 3 4 5 6 1 
5 4 3 2 1 6 
class 3
1 2 3 4 6 5 
6 5 4 3 1 2 
class 4
3 4 5 6 2 1 
4 3 2 1 5 6 
class 5
2 3 4 5 1 6 
5 4 3 2 6 1 
class 6
3 4 5 6 1 2 
4 3 2 1 6 5 
class 7
1 2 3 5 4 6 
1 2 3 5 6 4 
6 5 4 2 1 3 
6 5 4 2 3 1 
class 8
2 3 4 6 5 1 
5 4 3 1 2 6 
class 9
2 3 4 6 1 5 
5 4 3 1 6 2 
class 10
1 2 3 6 5 4 
3 2 1 4 5 6 
4 5 6 3 2 1 
6 5 4 1 2 3 
class 11
3 4 5 2 1 6 
4 3 2 5 6 1 
class 12
1 2 3 6 4 5 
3 2 1 4 6 5 
4 5 6 3 1 2 
6 5 4 1 3 2 
class 13
2 3 4 1 5 6 
5 4 3 6 2 1 
class 14
3 4 5 2 6 1 
4 3 2 5 1 6 
class 15
2 3 4 1 6 5 
5 4 3 6 1 2 
class 16
3 2 1 5 4 6 
3 2 1 5 6 4 
4 5 6 2 1 3 
4 5 6 2 3 1 
class 17
3 4 5 1 2 6 
4 3 2 6 5 1 
class 18
3 4 5 1 6 2 
4 3 2 6 1 5 
class 19
3 2 1 6 5 4 
4 5 6 1 2 3 
class 20
3 2 1 6 4 5 
4 5 6 1 3 2 
class 21
2 1 3 4 5 6 
5 6 4 3 2 1 
class 22
1 2 4 5 6 3 
6 5 3 2 1 4 
class 23
3 2 4 5 6 1 
4 5 3 2 1 6 
class 24
1 2 4 3 5 6 
2 1 3 4 6 5 
5 6 4 3 1 2 
6 5 3 4 2 1 
class 25
1 2 4 5 3 6 
2 3 5 6 4 1 
5 4 2 1 3 6 
6 5 3 2 4 1 
class 26
2 3 5 4 6 1 
5 4 2 3 1 6 
class 27
1 2 4 3 6 5 
3 4 6 5 2 1 
4 3 1 2 5 6 
6 5 3 4 1 2 
class 28
2 3 5 4 1 6 
5 4 2 3 6 1 
class 29
3 4 2 1 5 6 
3 4 6 5 1 2 
4 3 1 2 6 5 
4 3 5 6 2 1 
class 30
3 2 4 5 1 6 
4 5 3 2 6 1 
class 31
3 4 2 1 6 5 
4 3 5 6 1 2 
class 32
2 3 5 6 1 4 
5 4 2 1 6 3 
class 33
1 2 4 6 5 3 
2 1 3 5 4 6 
2 1 3 5 6 4 
5 6 4 2 1 3 
5 6 4 2 3 1 
6 5 3 1 2 4 
class 34
3 2 4 6 5 1 
4 5 3 1 2 6 
class 35
1 2 4 6 3 5 
6 5 3 1 4 2 
class 36
3 2 4 6 1 5 
4 5 3 1 6 2 
class 37
2 1 3 6 5 4 
2 3 1 4 5 6 
5 4 6 3 2 1 
5 6 4 1 2 3 
class 38
3 4 2 5 6 1 
4 3 5 2 1 6 
class 39
2 1 3 6 4 5 
2 3 1 4 6 5 
5 4 6 3 1 2 
5 6 4 1 3 2 
class 40
3 2 4 1 5 6 
4 5 3 6 2 1 
class 41
3 4 2 5 1 6 
4 3 5 2 6 1 
class 42
3 2 4 1 6 5 
4 5 3 6 1 2 
class 43
2 3 1 5 4 6 
2 3 1 5 6 4 
5 4 6 2 1 3 
5 4 6 2 3 1 
class 44
3 4 2 6 5 1 
3 4 6 2 1 5 
4 3 1 5 6 2 
4 3 5 1 2 6 
class 45
2 3 5 1 4 6 
5 4 2 6 3 1 
class 46
3 4 6 2 5 1 
4 3 1 5 2 6 
class 47
2 3 5 1 6 4 
5 4 2 6 1 3 
class 48
3 4 2 6 1 5 
4 3 5 1 6 2 
class 49
2 3 1 6 5 4 
5 4 6 1 2 3 
class 50
3 4 6 1 2 5 
4 3 1 6 5 2 
class 51
2 3 1 6 4 5 
5 4 6 1 3 2 
class 52
3 4 6 1 5 2 
4 3 1 6 2 5 
class 53
1 2 5 4 3 6 
2 1 4 5 6 3 
2 3 6 5 4 1 
5 4 1 2 3 6 
5 6 3 2 1 4 
6 5 2 3 4 1 
class 54
1 2 5 6 4 3 
2 1 4 3 5 6 
5 6 3 4 2 1 
6 5 2 1 3 4 
class 55
1 2 5 4 6 3 
2 1 4 5 3 6 
3 2 5 6 4 1 
4 5 2 1 3 6 
5 6 3 2 4 1 
6 5 2 3 1 4 
class 56
3 2 5 4 6 1 
4 5 2 3 1 6 
class 57
1 2 5 6 3 4 
2 1 4 3 6 5 
3 4 1 2 5 6 
4 3 6 5 2 1 
5 6 3 4 1 2 
6 5 2 1 4 3 
class 58
3 2 5 4 1 6 
4 5 2 3 6 1 
class 59
3 4 1 2 6 5 
4 3 6 5 1 2 
class 60
2 3 6 5 1 4 
5 4 1 2 6 3 
class 61
3 2 5 6 1 4 
4 5 2 1 6 3 
class 62
1 2 5 3 4 6 
2 1 4 6 5 3 
5 6 3 1 2 4 
6 5 2 4 3 1 
class 63
2 3 6 4 5 1 
5 4 1 3 2 6 
class 64
1 2 5 3 6 4 
2 1 4 6 3 5 
5 6 3 1 4 2 
6 5 2 4 1 3 
class 65
2 3 6 4 1 5 
5 4 1 3 6 2 
class 66
3 4 1 5 6 2 
4 3 6 2 1 5 
class 67
3 2 5 1 4 6 
4 5 2 6 3 1 
class 68
3 4 1 5 2 6 
4 3 6 2 5 1 
class 69
3 2 5 1 6 4 
4 5 2 6 1 3 
class 70
3 4 1 6 5 2 
4 3 6 1 2 5 
class 71
2 3 6 1 4 5 
5 4 1 6 3 2 
class 72
2 3 6 1 5 4 
5 4 1 6 2 3 
class 73
3 4 1 6 2 5 
4 3 6 1 5 2 
class 74
1 2 6 5 4 3 
6 5 1 2 3 4 
class 75
2 1 5 4 3 6 
3 2 6 5 4 1 
4 5 1 2 3 6 
5 6 2 3 4 1 
class 76
1 2 6 5 3 4 
2 1 5 6 4 3 
5 6 2 1 3 4 
6 5 1 2 4 3 
class 77
2 1 5 4 6 3 
5 6 2 3 1 4 
class 78
2 1 5 6 3 4 
5 6 2 1 4 3 
class 79
3 2 6 5 1 4 
4 5 1 2 6 3 
class 80
1 2 6 4 3 5 
1 2 6 4 5 3 
2 1 5 3 4 6 
5 6 2 4 3 1 
6 5 1 3 2 4 
6 5 1 3 4 2 
class 81
3 2 6 4 5 1 
4 5 1 3 2 6 
class 82
2 1 5 3 6 4 
5 6 2 4 1 3 
class 83
3 2 6 4 1 5 
4 5 1 3 6 2 
class 84
1 2 6 3 4 5 
6 5 1 4 3 2 
class 85
1 2 6 3 5 4 
6 5 1 4 2 3 
class 86
3 2 6 1 4 5 
4 5 1 6 3 2 
class 87
3 2 6 1 5 4 
4 5 1 6 2 3 
class 88
2 1 6 5 4 3 
5 6 1 2 3 4 
class 89
2 1 6 5 3 4 
5 6 1 2 4 3 
class 90
2 1 6 4 3 5 
2 1 6 4 5 3 
5 6 1 3 2 4 
5 6 1 3 4 2 
class 91
2 1 6 3 4 5 
5 6 1 4 3 2 
class 92
2 1 6 3 5 4 
5 6 1 4 2 3 
class 93
1 3 4 5 6 2 
6 4 3 2 1 5 
class 94
2 4 5 6 3 1 
5 3 2 1 4 6 
class 95
1 3 4 5 2 6 
6 4 3 2 5 1 
class 96
2 4 5 6 1 3 
5 3 2 1 6 4 
class 97
1 3 2 4 5 6 
3 1 2 4 5 6 
4 6 5 3 2 1 
6 4 5 3 2 1 
class 98
1 3 4 6 5 2 
6 4 3 1 2 5 
class 99
2 4 3 5 6 1 
3 5 4 2 1 6 
4 2 3 5 6 1 
5 3 4 2 1 6 
class 100
1 3 2 4 6 5 
3 1 2 4 6 5 
3 5 6 4 2 1 
4 2 1 3 5 6 
4 6 5 3 1 2 
6 4 5 3 1 2 
class 101
2 4 5 3 1 6 
5 3 2 4 6 1 
class 102
1 3 4 2 5 6 
3 5 6 4 1 2 
4 2 1 3 6 5 
6 4 3 5 2 1 
class 103
2 4 5 3 6 1 
5 3 2 4 1 6 
class 104
1 3 4 2 6 5 
2 4 3 1 5 6 
3 5 4 6 2 1 
4 2 3 1 5 6 
5 3 4 6 2 1 
6 4 3 5 1 2 
class 105
1 3 4 6 2 5 
6 4 3 1 5 2 
class 106
2 4 3 5 1 6 
3 5 4 2 6 1 
4 2 3 5 1 6 
5 3 4 2 6 1 
class 107
2 4 3 1 6 5 
3 5 4 6 1 2 
4 2 3 1 6 5 
5 3 4 6 1 2 
class 108
1 3 2 5 4 6 
1 3 2 5 6 4 
3 1 2 5 4 6 
3 1 2 5 6 4 
4 6 5 2 1 3 
4 6 5 2 3 1 
6 4 5 2 1 3 
6 4 5 2 3 1 
class 109
2 4 3 6 5 1 
3 5 4 1 2 6 
4 2 3 6 5 1 
5 3 4 1 2 6 
class 110
2 4 3 6 1 5 
3 5 4 1 6 2 
4 2 3 6 1 5 
5 3 4 1 6 2 
class 111
1 3 2 6 5 4 
3 1 2 6 5 4 
4 6 5 1 2 3 
6 4 5 1 2 3 
class 112
3 5 6 2 1 4 
4 2 1 5 6 3 
class 113
1 3 2 6 4 5 
3 1 2 6 4 5 
4 6 5 1 3 2 
6 4 5 1 3 2 
class 114
2 4 5 1 3 6 
3 5 6 2 4 1 
4 2 1 5 3 6 
5 3 2 6 4 1 
class 115
2 4 5 1 6 3 
5 3 2 6 1 4 
class 116
3 5 6 1 2 4 
4 2 1 6 5 3 
class 117
3 5 6 1 4 2 
4 2 1 6 3 5 
class 118
1 3 5 6 4 2 
2 4 6 5 3 1 
5 3 1 2 4 6 
6 4 2 1 3 5 
class 119
1 3 5 4 2 6 
1 3 5 4 6 2 
6 4 2 3 1 5 
6 4 2 3 5 1 
class 120
1 3 5 6 2 4 
2 4 6 5 1 3 
5 3 1 2 6 4 
6 4 2 1 5 3 
class 121
1 3 5 2 4 6 
6 4 2 5 3 1 
class 122
2 4 6 3 1 5 
2 4 6 3 5 1 
5 3 1 4 2 6 
5 3 1 4 6 2 
class 123
1 3 5 2 6 4 
6 4 2 5 1 3 
class 124
2 4 6 1 3 5 
5 3 1 6 4 2 
class 125
2 4 6 1 5 3 
5 3 1 6 2 4 
class 126
1 3 6 5 4 2 
6 4 1 2 3 5 
class 127
3 1 4 5 6 2 
4 6 3 2 1 5 
class 128
1 3 6 5 2 4 
3 5 2 1 4 6 
4 2 5 6 3 1 
6 4 1 2 5 3 
class 129
3 1 4 5 2 6 
4 6 3 2 5 1 
class 130
3 5 2 1 6 4 
4 2 5 6 1 3 
class 131
1 3 6 4 5 2 
3 1 4 6 5 2 
4 6 3 1 2 5 
6 4 1 3 2 5 
class 132
2 4 1 3 5 6 
5 3 6 4 2 1 
class 133
1 3 6 4 2 5 
6 4 1 3 5 2 
class 134
3 5 2 4 6 1 
4 2 5 3 1 6 
class 135
2 4 1 3 6 5 
3 1 4 2 5 6 
4 6 3 5 2 1 
5 3 6 4 1 2 
class 136
3 5 2 4 1 6 
4 2 5 3 6 1 
class 137
3 1 4 2 6 5 
4 6 3 5 1 2 
class 138
3 1 4 6 2 5 
4 6 3 1 5 2 
class 139
2 4 1 5 6 3 
5 3 6 2 1 4 
class 140
1 3 6 2 4 5 
6 4 1 5 3 2 
class 141
2 4 1 5 3 6 
3 5 2 6 4 1 
4 2 5 1 3 6 
5 3 6 2 4 1 
class 142
1 3 6 2 5 4 
6 4 1 5 2 3 
class 143
3 5 2 6 1 4 
4 2 5 1 6 3 
class 144
2 4 1 6 5 3 
5 3 6 1 2 4 
class 145
2 4 1 6 3 5 
5 3 6 1 4 2 
class 146
3 1 5 6 4 2 
3 5 1 2 4 6 
4 2 6 5 3 1 
4 6 2 1 3 5 
class 147
3 1 5 4 2 6 
3 1 5 4 6 2 
4 6 2 3 1 5 
4 6 2 3 5 1 
class 148
3 1 5 6 2 4 
3 5 1 2 6 4 
4 2 6 5 1 3 
4 6 2 1 5 3 
class 149
3 1 5 2 4 6 
4 6 2 5 3 1 
class 150
3 5 1 4 2 6 
3 5 1 4 6 2 
4 2 6 3 1 5 
4 2 6 3 5 1 
class 151
3 1 5 2 6 4 
4 6 2 5 1 3 
class 152
3 5 1 6 4 2 
4 2 6 1 3 5 
class 153
3 5 1 6 2 4 
4 2 6 1 5 3 
class 154
3 1 6 5 4 2 
4 6 1 2 3 5 
class 155
3 1 6 5 2 4 
4 6 1 2 5 3 
class 156
3 1 6 4 5 2 
4 6 1 3 2 5 
class 157
3 1 6 4 2 5 
4 6 1 3 5 2 
class 158
3 1 6 2 4 5 
4 6 1 5 3 2 
class 159
3 1 6 2 5 4 
4 6 1 5 2 3 
class 160
3 6 5 4 2 1 
4 1 2 3 5 6 
class 161
2 5 4 3 1 6 
5 2 3 4 6 1 
class 162
1 4 3 2 5 6 
1 4 5 6 3 2 
3 6 5 4 1 2 
4 1 2 3 6 5 
6 3 2 1 4 5 
6 3 4 5 2 1 
class 163
2 5 4 3 6 1 
5 2 3 4 1 6 
class 164
1 4 3 2 6 5 
1 4 5 6 2 3 
6 3 2 1 5 4 
6 3 4 5 1 2 
class 165
2 5 6 4 3 1 
5 2 1 3 4 6 
class 166
1 4 3 5 6 2 
1 4 5 3 2 6 
6 3 2 4 5 1 
6 3 4 2 1 5 
class 167
2 5 4 6 3 1 
2 5 6 4 1 3 
5 2 1 3 6 4 
5 2 3 1 4 6 
class 168
1 4 3 5 2 6 
1 4 5 3 6 2 
6 3 2 4 1 5 
6 3 4 2 5 1 
class 169
2 5 4 6 1 3 
5 2 3 1 6 4 
class 170
1 4 3 6 5 2 
1 4 5 2 3 6 
2 5 6 3 4 1 
3 6 5 2 1 4 
4 1 2 5 6 3 
5 2 1 4 3 6 
6 3 2 5 4 1 
6 3 4 1 2 5 
class 171
2 5 4 1 3 6 
2 5 6 3 1 4 
3 6 5 2 4 1 
4 1 2 5 3 6 
5 2 1 4 6 3 
5 2 3 6 4 1 
class 172
1 4 3 6 2 5 
1 4 5 2 6 3 
6 3 2 5 1 4 
6 3 4 1 5 2 
class 173
2 5 4 1 6 3 
5 2 3 6 1 4 
class 174
3 6 5 1 2 4 
4 1 2 6 5 3 
class 175
3 6 5 1 4 2 
4 1 2 6 3 5 
class 176
2 5 6 1 3 4 
5 2 1 6 4 3 
class 177
2 5 6 1 4 3 
5 2 1 6 3 4 
class 178
1 4 2 3 5 6 
1 4 6 5 3 2 
6 3 1 2 4 5 
6 3 5 4 2 1 
class 179
2 5 3 4 6 1 
5 2 4 3 1 6 
class 180
1 4 2 3 6 5 
1 4 6 5 2 3 
3 6 4 5 2 1 
4 1 3 2 5 6 
6 3 1 2 5 4 
6 3 5 4 1 2 
class 181
2 5 3 4 1 6 
5 2 4 3 6 1 
class 182
3 6 4 5 1 2 
4 1 3 2 6 5 
class 183
3 6 4 2 1 5 
4 1 3 5 6 2 
class 184
2 5 3 1 4 6 
5 2 4 6 3 1 
class 185
3 6 4 2 5 1 
4 1 3 5 2 6 
class 186
2 5 3 1 6 4 
5 2 4 6 1 3 
class 187
1 4 2 5 6 3 
1 4 6 3 2 5 
3 6 4 1 2 5 
4 1 3 6 5 2 
6 3 1 4 5 2 
6 3 5 2 1 4 
class 188
1 4 2 5 3 6 
1 4 6 3 5 2 
2 5 3 6 4 1 
5 2 4 1 3 6 
6 3 1 4 2 5 
6 3 5 2 4 1 
class 189
3 6 4 1 5 2 
4 1 3 6 2 5 
class 190
2 5 3 6 1 4 
5 2 4 1 6 3 
class 191
1 4 2 6 5 3 
1 4 6 2 3 5 
6 3 1 5 4 2 
6 3 5 1 2 4 
class 192
1 4 2 6 3 5 
1 4 6 2 5 3 
6 3 1 5 2 4 
6 3 5 1 4 2 
class 193
3 6 2 1 4 5 
4 1 5 6 3 2 
class 194
3 6 2 1 5 4 
4 1 5 6 2 3 
class 195
2 5 1 3 4 6 
5 2 6 4 3 1 
class 196
3 6 2 4 5 1 
4 1 5 3 2 6 
class 197
2 5 1 3 6 4 
5 2 6 4 1 3 
class 198
3 6 2 4 1 5 
4 1 5 3 6 2 
class 199
2 5 1 4 3 6 
3 6 2 5 4 1 
4 1 5 2 3 6 
5 2 6 3 4 1 
class 200
2 5 1 4 6 3 
5 2 6 3 1 4 
class 201
3 6 2 5 1 4 
4 1 5 2 6 3 
class 202
2 5 1 6 4 3 
5 2 6 1 3 4 
class 203
2 5 1 6 3 4 
5 2 6 1 4 3 
class 204
3 6 1 2 4 5 
4 1 6 5 3 2 
class 205
3 6 1 2 5 4 
4 1 6 5 2 3 
class 206
3 6 1 4 5 2 
4 1 6 3 2 5 
class 207
3 6 1 4 2 5 
4 1 6 3 5 2 
class 208
3 6 1 5 4 2 
4 1 6 2 3 5 
class 209
3 6 1 5 2 4 
4 1 6 2 5 3 
class 210
2 6 5 4 3 1 
5 1 2 3 4 6 
class 211
1 5 4 3 2 6 
6 2 3 4 5 1 
class 212
2 6 5 4 1 3 
5 1 2 3 6 4 
class 213
1 5 4 3 6 2 
6 2 3 4 1 5 
class 214
1 5 6 4 3 2 
6 2 1 3 4 5 
class 215
1 5 4 2 3 6 
2 6 5 3 4 1 
5 1 2 4 3 6 
6 2 3 5 4 1 
class 216
1 5 6 4 2 3 
6 2 1 3 5 4 
class 217
2 6 5 3 1 4 
5 1 2 4 6 3 
class 218
1 5 4 6 3 2 
6 2 3 1 4 5 
class 219
1 5 4 6 2 3 
6 2 3 1 5 4 
class 220
1 5 4 2 6 3 
6 2 3 5 1 4 
class 221
1 5 6 3 2 4 
1 5 6 3 4 2 
6 2 1 4 3 5 
6 2 1 4 5 3 
class 222
1 5 6 2 3 4 
6 2 1 5 4 3 
class 223
1 5 6 2 4 3 
2 6 5 1 3 4 
5 1 2 6 4 3 
6 2 1 5 3 4 
class 224
2 6 5 1 4 3 
5 1 2 6 3 4 
class 225
1 5 3 2 4 6 
2 6 4 5 3 1 
5 1 3 2 4 6 
6 2 4 5 3 1 
class 226
1 5 3 4 2 6 
1 5 3 4 6 2 
2 6 4 3 1 5 
2 6 4 3 5 1 
5 1 3 4 2 6 
5 1 3 4 6 2 
6 2 4 3 1 5 
6 2 4 3 5 1 
class 227
1 5 3 2 6 4 
2 6 4 5 1 3 
5 1 3 2 6 4 
6 2 4 5 1 3 
class 228
1 5 3 6 4 2 
2 6 4 1 3 5 
5 1 3 6 4 2 
6 2 4 1 3 5 
class 229
1 5 3 6 2 4 
2 6 4 1 5 3 
5 1 3 6 2 4 
6 2 4 1 5 3 
class 230
1 5 2 3 4 6 
6 2 5 4 3 1 
class 231
2 6 3 4 5 1 
5 1 4 3 2 6 
class 232
1 5 2 3 6 4 
6 2 5 4 1 3 
class 233
2 6 3 4 1 5 
5 1 4 3 6 2 
class 234
1 5 2 4 3 6 
2 6 3 5 4 1 
5 1 4 2 3 6 
6 2 5 3 4 1 
class 235
1 5 2 4 6 3 
6 2 5 3 1 4 
class 236
2 6 3 1 4 5 
5 1 4 6 3 2 
class 237
2 6 3 1 5 4 
5 1 4 6 2 3 
class 238
2 6 3 5 1 4 
5 1 4 2 6 3 
class 239
1 5 2 6 4 3 
6 2 5 1 3 4 
class 240
1 5 2 6 3 4 
6 2 5 1 4 3 
class 241
2 6 1 3 4 5 
5 1 6 4 3 2 
class 242
2 6 1 3 5 4 
5 1 6 4 2 3 
class 243
2 6 1 4 3 5 
2 6 1 4 5 3 
5 1 6 3 2 4 
5 1 6 3 4 2 
class 244
2 6 1 5 4 3 
5 1 6 2 3 4 
class 245
2 6 1 5 3 4 
5 1 6 2 4 3 
class 246
1 6 5 4 3 2 
6 1 2 3 4 5 
class 247
1 6 5 4 2 3 
6 1 2 3 5 4 
class 248
1 6 5 3 2 4 
1 6 5 3 4 2 
6 1 2 4 3 5 
6 1 2 4 5 3 
class 249
1 6 5 2 3 4 
6 1 2 5 4 3 
class 250
1 6 5 2 4 3 
6 1 2 5 3 4 
class 251
1 6 4 3 2 5 
6 1 3 4 5 2 
class 252
1 6 4 5 3 2 
6 1 3 2 4 5 
class 253
1 6 4 3 5 2 
6 1 3 4 2 5 
class 254
1 6 4 5 2 3 
6 1 3 2 5 4 
class 255
1 6 4 2 3 5 
6 1 3 5 4 2 
class 256
1 6 4 2 5 3 
6 1 3 5 2 4 
class 257
1 6 3 4 5 2 
6 1 4 3 2 5 
class 258
1 6 3 2 4 5 
6 1 4 5 3 2 
class 259
1 6 3 4 2 5 
6 1 4 3 5 2 
class 260
1 6 3 2 5 4 
6 1 4 5 2 3 
class 261
1 6 3 5 4 2 
6 1 4 2 3 5 
class 262
1 6 3 5 2 4 
6 1 4 2 5 3 
class 263
1 6 2 3 4 5 
6 1 5 4 3 2 
class 264
1 6 2 3 5 4 
6 1 5 4 2 3 
class 265
1 6 2 4 3 5 
1 6 2 4 5 3 
6 1 5 3 2 4 
6 1 5 3 4 2 
class 266
1 6 2 5 4 3 
6 1 5 2 3 4 
class 267
1 6 2 5 3 4 
6 1 5 2 4 3 
