364
1 23470
3 23470 23470
1 11424
1 30776
1 10798
1 14041
3 10798 11424
1 2556
3 10798 30776
3 14041 14041
1 19039
1 22614
3 30776 30776
3 11424 11424
1 15907
1 9468
1 2629
1 14618
1 26279
3 11424 30776
1 22367
1 5029
1 26632
1 28002
1 1695
1 27665
3 2556 2556
1 7989
1 18536
1 8228
3 1695 26632
1 21004
1 9446
3 5029 5029
3 11424 7989
3 15907 7989
1 15027
1 6807
1 27646
1 7336
3 27665 27646
3 2629 28002
3 14618 28002
1 17511
1 8452
1 31357
3 31357 5029
1 3226
1 29829
3 2556 26632
1 3322
3 19039 26632
1 16392
3 22367 3226
1 6747
1 28340
3 27665 2556
3 28340 27665
1 23493
3 3322 23470
3 10798 5029
1 20294
1 16972
3 26279 14618
3 1695 26632
3 6747 22367
1 20229
1 7925
1 11597
1 14091
3 26632 16392
3 2629 16392
1 9865
1 28658
1 29637
1 31980
1 24167
1 23055
3 8228 3226
1 23334
3 14618 28002
3 16392 6747
3 14091 22614
1 21920
1 19465
3 22367 6807
1 19456
3 28340 6807
1 332
3 24167 6747
3 2556 28658
1 15464
1 11758
1 16419
3 26632 2556
1 29770
3 31357 28002
3 23055 11424
3 20294 7336
3 3322 7989
3 9468 6747
3 17511 14618
1 16950
1 25010
3 5029 21920
3 28002 29829
3 28658 15907
3 29637 16950
3 31980 27665
1 4883
3 25010 332
3 4883 1695
3 2629 1695
1 4352
3 15027 21920
1 1043
1 28242
1 27164
3 15027 17511
1 5975
3 27164 3226
3 31357 23493
1 27314
1 10261
1 30039
1 30210
3 29770 25010
1 7295
1 17394
1 26700
3 15907 29637
3 11424 6807
3 7989 26632
1 20954
1 10802
3 21004 10261
3 21920 15907
3 14041 18536
3 28242 23334
3 5975 23470
3 7925 28340
1 5408
3 21920 332
1 22506
1 30403
1 6243
1 32680
1 20296
3 16419 28242
3 22506 10261
3 26279 29770
1 23481
1 28610
3 14041 11758
1 14859
1 21980
1 22111
3 25010 23334
1 31548
3 2629 10798
3 28658 24167
1 30409
1 24113
1 18384
1 15290
1 10598
3 27314 15907
1 10669
1 32098
1 14042
3 14618 19465
3 14041 20296
1 20848
3 5975 3322
1 13315
1 19000
1 7806
3 7925 27665
3 20954 32680
3 11424 20294
3 29637 30210
3 1695 22614
3 16392 15027
1 6273
3 1043 26700
1 6431
1 21530
3 10598 4883
3 26632 30776
3 15290 10798
3 21920 5029
3 31357 1695
3 23481 16392
1 24957
3 15027 3322
3 22111 21980
1 4559
3 10261 16419
3 6807 30776
3 22111 8228
3 19000 10598
1 2228
1 15193
1 23467
3 15907 31548
1 16504
1 6913
3 19000 15193
3 28610 30210
3 6273 2228
1 31261
3 17394 28242
3 11424 15464
3 8452 30403
3 22367 23470
1 15796
3 16972 27646
3 15290 8452
1 26971
3 22111 4352
3 6243 16950
3 13315 23470
1 17719
1 5914
1 13611
3 20954 29770
3 7295 26279
1 10776
1 10595
1 32233
1 11061
3 23493 31548
3 6807 18384
1 23757
3 31357 10798
1 2311
1 19293
1 8974
3 23467 26700
3 19456 1695
3 6273 10776
3 3322 6747
3 28242 27646
1 17814
3 6243 27314
1 27632
1 19843
1 26768
1 8311
1 13360
3 14091 21004
1 14721
3 7295 9865
3 28610 31548
3 21004 17814
1 32603
3 13315 22111
3 14721 11061
1 12340
3 27646 16419
1 27725
1 23392
1 1374
1 2766
1 3582
3 11597 4883
1 31376
1 8410
1 4247
3 18384 23392
1 6174
1 32292
3 20296 30409
3 27646 30776
1 23071
1 16415
3 14859 18536
3 15027 14041
1 65
3 30409 2556
1 25709
1 13278
1 25731
1 9728
1 6368
3 23071 14721
1 6064
1 32355
1 134
1 22170
1 22893
3 32355 32603
1 28341
1 28502
3 25731 2766
1 19880
3 23055 10669
3 9468 17719
3 21920 22893
3 31376 17511
3 15027 11061
1 8372
3 25731 6807
3 4559 26279
1 26207
1 5852
1 31557
1 8129
3 32680 23757
1 7895
1 29631
3 7895 11597
1 7373
1 22167
3 5408 26632
3 30210 16972
3 16504 32292
1 17145
3 3322 6174
3 6064 24167
1 25259
1 23483
1 7227
1 11632
1 1377
1 8411
3 27314 2629
1 3866
1 5404
3 29637 31980
1 19285
1 9185
1 5291
1 28927
1 17772
3 6807 7925
1 5677
3 4559 22367
1 9427
3 1043 23392
3 8452 30403
3 30409 28341
1 2944
3 28002 29631
1 9167
3 28340 30039
1 21047
3 32098 26207
1 18413
3 14091 19285
1 10421
1 16442
1 10786
1 13255
1 11196
3 9427 19293
1 10216
3 5975 31376
3 9185 32603
3 9167 8411
3 31548 17394
1 19548
1 10226
3 10598 4559

