8566 
8566 
8566 

8152 

7156 

240 
240 

3667 
3667 
3667 
3667 
3667 6883 

7538 
7538 
7538 
7538 
7538 

191 
191 4084 
191 4084 
1163 191 4084 

6534 
6534 
6534 5254 
377 6534 5254 
377 6534 
377 6534 5837 
3171 377 6534 5837 
3171 377 6534 5837 
3741 3171 377 6534 5837 
5837 
5837 
5837 

7547 
7547 6179 
7547 6179 
7547 6179 
7547 997 6179 

662 

2374 
2374 2902 
2374 2902 
2902 2374 
8345 2902 2374 
8345 2902 6925 2374 
2374 
1074 2374 
1074 
1074 2335 

3031 
454 3031 
454 3031 2076 
454 3031 2076 
454 3031 527 2076 
454 527 3031 2076 
454 527 3031 2076 2334 
454 527 3031 2076 5553 2334 
454 527 2076 3031 5553 2334 
454 527 2076 3031 746 5553 2334 
454 527 2076 3031 746 5553 2334 
454 527 2076 3031 746 5553 2334 
454 527 2076 3031 746 5553 3293 2334 
454 527 7249 2076 3031 746 5553 3293 2334 
454 2334 3293 5553 746 3031 2076 7249 527 
454 2334 7249 2076 3031 746 5553 3293 527 
454 2334 7249 2076 3031 746 5553 3293 527 
454 3293 5553 746 3031 2076 7249 2334 527 
454 3293 5553 746 3031 2076 7249 2334 527 
454 3293 5553 746 3031 2076 7249 2334 527 
454 3293 5553 746 3031 2076 7249 2334 527 
454 3293 5553 746 3031 2076 7249 2334 527 
454 7218 3293 5553 746 3031 2076 7249 2334 527 
2334 7249 2076 3031 746 5553 3293 7218 454 527 
2334 7249 3031 746 5553 3293 7218 454 527 
2334 7249 3293 7218 454 527 
2334 7218 454 527 
2334 7218 454 527 
2334 7218 454 527 
454 527 
454 527 
454 
454 
454 

422 
422 
9794 422 
9794 
5838 9794 
9794 
9794 

220 
220 
7106 220 
7106 220 
7106 220 
7106 2651 220 
220 2651 7106 
220 2651 
220 2651 
220 2651 2096 
2651 220 2096 
2096 220 2651 
2096 220 2651 
2096 220 2651 
2096 
2096 

2089 
2089 

4494 
4494 7616 

3360 
1884 3360 
1884 6799 3360 
6799 1884 3360 
6799 1884 3360 
6799 1884 3360 
3360 1884 6799 
3360 1884 6799 
3360 6799 
3360 6694 6799 
3360 6799 
3360 6799 
3360 6799 7060 
3360 6799 6443 7060 
3360 6799 6443 7060 
3360 6799 6443 7060 
3360 6799 6443 7060 
3360 
3360 3550 
3360 3550 

3585 
3585 
3585 
3585 
3585 2952 
3585 2952 
3585 2952 
3585 

1000 
1000 
1000 

2224 
2868 2224 
2868 2224 
2224 2868 
2224 
5691 2224 
2224 5691 
2224 5691 
5691 2224 
5691 2224 
5691 2224 
5691 2224 
5691 2224 
5691 2224 
8702 5691 2224 
8702 
8702 
173 8702 
8702 173 
173 8702 
9653 173 8702 
5207 9653 173 8702 
5207 9653 173 8702 
5207 9653 173 8702 
5207 9653 173 
5207 9653 173 
5207 173 
5207 

3210 
3210 
3210 
6473 3210 
6473 3210 2793 
6473 3210 2793 
6473 2793 
6473 
9830 6473 
9830 6473 
9830 6473 
7624 9830 6473 
9830 6473 
9830 
9830 
9830 
9830 
9830 1323 
9830 1323 
9830 1323 
9830 1323 

3246 

6824 
6824 

3176 
1699 3176 
1699 385 3176 
1699 385 3176 
1699 9165 385 3176 
1699 9165 
1699 
6754 1699 
6754 

9475 
9475 
9475 

4430 
4430 
3566 4430 
3566 4430 
3566 4430 
4430 3566 
4430 3566 
4430 3566 
3566 4430 

4108 
2658 4108 
9891 2658 4108 
4108 
4108 

8855 
8855 
8855 
8855 
6100 8855 
6100 8855 
6100 8855 1489 
8855 6100 1489 
1489 6100 8855 
667 1489 6100 8855 
6100 8855 
6100 8855 

8567 
